NUCLA split(seen/unseen): 5/5
Unseen labels: [0,2,4,6,8]
Seen labels: [1,3,5,7,9]

NUCLA split(seen/unseen): 3/5
Unseen labels: [0,2,4,6,8]
Seen labels: [1,5,9]

NTU split(seen/unseen): 100/20
Unseen labels: [0, 6, 12, 18, 24, 30, 36, 42, 48, 54, 60, 66, 72, 78, 84, 90, 96, 102, 108, 114]
Seen labels: [1, 2, 3, 4, 5, 7, 8, 9, 10, 11, 13, 14, 15, 16, 17, 19, 20, 21, 22, 23, 25, 26, 27, 28, 29, 31, 32, 33, 34, 35, 37, 38, 39, 40, 41, 43, 44, 45, 46, 47, 49, 50, 51, 52, 53, 55, 56, 57, 58, 59, 61, 62, 63, 64, 65, 67, 68, 69, 70, 71, 73, 74, 75, 76, 77, 79, 80, 81, 82, 83, 85, 86, 87, 88, 89, 91, 92, 93, 94, 95, 97, 98, 99, 100, 101, 103, 104, 105, 106, 107, 109, 110, 111, 112, 113, 115, 116, 117, 118, 119]
Unseen labels: [0, 6, 12, 18, 24, 30, 36, 42, 48, 54, 60, 66, 72, 78, 84, 90, 96, 102, 108, 114]
Seen labels: [1, 2, 3, 4, 5, 7, 8, 9, 10, 11, 13, 14, 15, 16, 17, 19, 20, 21, 22, 23, 25, 26, 27, 28, 29, 31, 32, 33, 34, 35, 37, 38, 39, 40, 41, 43, 44, 45, 46, 47, 49, 50, 51, 52, 53, 55, 56, 57, 58, 59, 61, 62, 63, 64, 65, 67, 68, 69, 70, 71, 73, 74, 75, 76, 77, 79, 80, 81, 82, 83, 85, 86, 87, 88, 89, 91, 92, 93, 94, 95, 97, 98, 99, 100, 101, 103, 104, 105, 106, 107, 109, 110, 111, 112, 113, 115, 116, 117, 118, 119]

NTU split(seen/unseen): 80/20
Unseen labels: [0, 6, 12, 18, 24, 30, 36, 42, 48, 54, 60, 66, 72, 78, 84, 90, 96, 102, 108, 114]
Seen labels: [1, 2, 3, 4, 7, 8, 9, 10, 13, 14, 15, 16, 19, 20, 21, 22, 25, 26, 27, 28, 31, 32, 33, 34, 37, 38, 39, 40, 43, 44, 45, 46, 49, 50, 51, 52, 55, 56, 57, 58, 61, 62, 63, 64, 67, 68, 69, 70, 73, 74, 75, 76, 79, 80, 81, 82, 85, 86, 87, 88, 91, 92, 93, 94, 97, 98, 99, 100, 103, 104, 105, 106, 109, 110, 111, 112, 115, 116, 117, 119]

NTU split(seen/unseen): 60/20
Unseen labels: [0, 6, 12, 18, 24, 30, 36, 42, 48, 54, 60, 66, 72, 78, 84, 90, 96, 102, 108, 114]
Seen labels: [1, 2, 4, 7, 8, 10, 13, 14, 16, 19, 20, 22, 25, 26, 28, 31, 32, 34, 37, 38, 40, 43, 44, 46, 49, 50, 52, 55, 56, 58, 61, 63, 64, 67, 69, 70, 73, 75, 76, 79, 81, 82, 85, 87, 88, 91, 93, 94, 97, 99, 100, 103, 105, 106, 109, 111, 112, 115, 117, 119]

NTU split(seen/unseen): 40/20
Unseen labels: [0, 6, 12, 18, 24, 30, 36, 42, 48, 54, 60, 66, 72, 78, 84, 90, 96, 102, 108, 114]
Seen labels: [1, 3, 7, 9, 13, 15, 19, 21, 25, 27, 31, 33, 37, 40, 43, 46, 49, 52, 55, 58, 61, 64, 67, 70, 73, 76, 80, 82, 86, 88, 92, 94, 98, 100, 104, 106, 110, 112, 116, 119]

NTU split(seen/unseen): 20/20
Unseen labels: [0, 6, 12, 18, 24, 30, 36, 42, 48, 54, 60, 66, 72, 78, 84, 90, 96, 102, 108, 114]
Seen labels: [1, 7, 13, 19, 25, 32, 38, 44, 50, 56, 63, 69, 75, 81, 87, 94, 100, 106, 112, 119]


